1.00 12.12 12.85 12.12
1.50 14.41 15.27 14.41
2.00 17.03 18.05 17.03
2.50 20.03 21.23 20.03
3.00 23.44 24.84 23.44
3.50 27.29 28.92 27.29
4.00 31.61 33.49 31.61
4.50 36.42 38.59 36.42
5.00 41.76 44.25 41.76
5.50 47.63 50.47 47.63
6.00 54.04 57.27 54.04
6.50 61.01 64.65 61.01
7.00 68.52 72.61 68.52
7.50 76.57 81.14 76.57
8.00 85.12 90.20 85.12
8.50 94.14 99.76 94.14
9.00 103.59 109.76 103.59
9.50 113.40 120.16 113.40
10.00 123.50 130.86 123.50
10.50 133.81 141.79 133.81
11.00 144.24 152.85 144.24
11.50 154.69 163.92 154.69
12.00 165.05 174.89 165.05
12.50 175.20 185.65 175.20
13.00 185.01 196.05 185.01
13.50 194.38 205.98 194.38
14.00 203.18 215.30 203.18
14.50 211.29 223.89 211.29
15.00 218.59 231.63 218.59
15.50 224.99 238.41 224.99
16.00 230.39 244.13 230.39
16.50 234.71 248.71 234.71
17.00 237.89 252.08 237.89
17.50 239.87 254.18 239.87
18.00 240.64 254.99 240.64
18.50 240.16 254.49 240.17
19.00 238.47 252.69 238.47
19.50 235.57 249.62 235.57
20.00 231.51 245.32 231.51
20.50 226.36 239.86 226.36
21.00 220.19 233.33 220.19
21.50 213.09 225.80 213.09
22.00 205.16 217.40 205.17
22.50 196.52 208.24 196.52
23.00 187.28 198.45 187.28
23.50 177.55 188.14 177.55
24.00 167.47 177.46 167.47
24.50 157.16 166.53 157.16
25.00 146.72 155.47 146.72
25.50 136.27 144.40 136.27
26.00 125.92 133.43 125.92
26.50 115.76 122.67 115.76
27.00 105.88 112.19 105.88
27.50 96.34 102.09 96.34
28.00 87.22 92.42 87.22
28.50 78.55 83.23 78.55
29.00 70.38 74.58 70.38
29.50 62.74 66.48 62.74
30.00 55.64 58.96 55.64
30.50 49.10 52.02 49.10
31.00 43.10 45.67 43.10
31.50 37.64 39.88 37.64
32.00 32.70 34.65 32.70
32.50 28.27 29.95 28.27
33.00 24.31 25.76 24.31
33.50 20.80 22.04 20.80
34.00 17.71 18.76 17.71
34.50 15.00 15.89 15.00
35.00 12.64 13.39 12.64
35.50 10.59 11.22 10.59
36.00 8.84 9.36 8.84
36.50 7.33 7.77 7.33
37.00 6.05 6.41 6.05
