1.00 0.01 0.00 0.00
1.50 0.01 0.01 0.01
2.00 0.02 0.02 0.01
2.50 0.03 0.02 0.01
3.00 0.05 0.04 0.02
3.50 0.08 0.07 0.04
4.00 0.14 0.12 0.06
4.50 0.23 0.20 0.10
5.00 0.39 0.35 0.19
5.50 0.68 0.62 0.35
6.00 1.32 1.20 0.62
6.50 2.63 2.34 1.10
7.00 5.15 4.65 2.23
7.50 10.15 9.30 4.58
8.00 21.66 19.57 8.81
8.50 44.44 39.77 16.83
9.00 83.51 76.36 35.26
9.50 139.06 131.09 69.46
10.00 191.77 184.78 115.03
10.50 223.27 218.63 164.13
11.00 238.42 236.16 205.18
11.50 246.43 245.40 229.13
12.00 250.65 250.05 240.78
12.50 252.75 252.40 247.23
13.00 253.72 253.56 250.84
13.50 254.25 254.18 252.73
14.00 254.56 254.52 253.65
14.50 254.74 254.72 254.18
15.00 254.83 254.83 254.50
15.50 254.89 254.90 254.69
16.00 254.93 254.94 254.80
16.50 254.95 254.97 254.87
17.00 254.96 254.99 254.91
17.50 254.96 255.00 254.94
18.00 254.95 255.00 254.95
18.50 254.94 255.00 254.96
19.00 254.92 254.99 254.96
19.50 254.87 254.97 254.96
20.00 254.81 254.95 254.94
20.50 254.72 254.91 254.90
21.00 254.56 254.84 254.85
21.50 254.27 254.74 254.76
22.00 253.82 254.56 254.60
22.50 253.03 254.24 254.32
23.00 251.41 253.69 253.85
23.50 248.27 252.68 253.01
24.00 242.77 250.52 251.10
24.50 232.81 246.23 247.24
25.00 211.55 238.02 240.17
25.50 173.88 222.52 226.91
26.00 126.26 190.87 197.78
26.50 78.24 138.50 147.07
27.00 40.13 83.40 91.71
27.50 19.21 44.48 50.13
28.00 10.01 21.66 24.22
28.50 5.15 10.11 11.16
29.00 2.48 5.09 5.71
29.50 1.19 2.57 2.93
30.00 0.66 1.26 1.43
30.50 0.36 0.63 0.71
31.00 0.19 0.35 0.40
31.50 0.09 0.19 0.23
32.00 0.05 0.10 0.12
32.50 0.02 0.05 0.07
33.00 0.01 0.03 0.04
33.50 0.00 0.01 0.02
34.00 -0.00 0.01 0.01
34.50 0.00 0.00 0.01
35.00 0.01 0.00 0.01
35.50 0.02 0.01 0.01
36.00 0.04 0.02 0.02
36.50 0.06 0.03 0.02
37.00 0.09 0.05 0.03
