1.00 72.10 76.64 85.35
1.50 75.41 79.23 86.95
2.00 75.88 77.92 84.36
2.50 75.31 75.19 80.30
3.00 75.51 73.50 77.50
3.50 77.65 74.59 77.94
4.00 80.45 77.24 80.70
4.50 82.97 80.45 84.81
5.00 88.03 86.98 92.08
5.50 98.19 99.19 103.90
6.00 111.26 114.16 117.40
6.50 124.47 128.63 129.70
7.00 137.64 143.40 142.10
7.50 150.88 159.37 155.97
8.00 162.93 173.62 168.73
8.50 172.55 183.38 177.83
9.00 179.92 190.22 184.72
9.50 185.30 195.77 190.80
10.00 187.99 197.73 193.34
10.50 187.13 193.82 189.67
11.00 182.21 185.94 181.62
11.50 172.93 176.14 171.43
12.00 159.56 163.11 158.35
12.50 142.84 145.72 141.70
13.00 125.02 127.15 124.01
13.50 108.49 110.83 108.01
14.00 94.68 96.84 94.03
14.50 84.68 84.90 81.97
15.00 79.05 76.65 72.49
15.50 77.95 73.60 66.34
16.00 80.42 75.02 64.12
16.50 84.94 79.32 65.75
17.00 88.79 83.82 68.71
17.50 89.81 86.18 70.59
18.00 89.02 86.55 71.96
18.50 87.98 85.69 73.82
19.00 87.20 84.31 76.25
19.50 86.90 83.09 79.04
20.00 87.32 82.73 82.01
