1.00 81.17 81.22 81.17
1.50 81.57 81.67 81.57
2.00 82.20 82.37 82.20
2.50 83.22 83.51 83.22
3.00 84.82 85.29 84.82
3.50 87.20 87.94 87.20
4.00 90.60 91.73 90.60
4.50 95.27 96.93 95.27
5.00 101.41 103.76 101.41
5.50 109.15 112.38 109.15
6.00 118.43 122.72 118.43
6.50 129.07 134.57 129.08
7.00 140.59 147.40 140.60
7.50 152.37 160.51 152.37
8.00 163.54 172.95 163.55
8.50 173.21 183.73 173.22
9.00 180.54 191.88 180.55
9.50 184.76 196.59 184.77
10.00 185.53 197.44 185.54
10.50 182.70 194.29 182.71
11.00 176.61 187.51 176.62
11.50 167.82 177.72 167.83
12.00 157.16 165.85 157.17
12.50 145.54 152.91 145.55
13.00 133.81 139.84 133.81
13.50 122.74 127.52 122.75
14.00 112.84 116.49 112.84
14.50 104.45 107.15 104.45
15.00 97.65 99.57 97.65
15.50 92.39 93.72 92.39
16.00 88.49 89.37 88.49
16.50 85.71 86.28 85.71
17.00 83.81 84.17 83.81
17.50 82.57 82.78 82.57
18.00 81.78 81.91 81.78
18.50 81.30 81.37 81.30
19.00 81.03 81.06 81.03
19.50 80.88 80.90 80.88
20.00 80.78 80.79 80.78
